Brook,18,F,99;80;75;78;84
Agata,21,F,73;80;99;85;93
Elana,19,F,93;83;98;94;77
Dougie,20,M,92;98;75;69;99
Stacee,19,F,95;80;97;76;80
Lorens,18,M,91;87;98;88;81
Farley,18,M,88;73;89;93;98
Jeno,20,M,77;69;86;82;98
Griffy,18,M,99;72;85;88;98
Charlotta,19,F,72;94;96;90;98
Davey,20,M,83;94;92;100;83
Wheeler,19,M,80;87;82;94;75
Nathan,20,M,98;70;71;81;78
Keefer,19,M,85;91;77;98;91
Hale,18,M,92;100;81;81;78
Norbert,18,M,88;88;80;93;86
Shina,22,F,95;97;94;78;77
Dniren,21,F,76;83;68;82;94
Arlee,18,F,74;90;97;86;80
Sharron,21,F,68;73;99;89;84
Rey,18,M,100;71;80;82;70
Dorothea,20,F,92;83;93;68;68
Zared,18,M,87;88;78;95;80
Kylynn,18,F,90;90;80;99;97
Christie,19,M,88;96;72;80;93
Morten,20,M,82;74;88;85;96
Barthel,19,M,96;96;78;100;91
Omar,20,M,69;95;69;78;98
Philip,22,M,79;70;87;75;71
Seamus,20,M,95;82;92;94;72
Mattie,22,M,99;82;68;73;85
Benoite,18,F,85;71;82;81;73
Jonah,22,M,75;81;99;85;90
Finlay,22,M,96;77;94;92;77
Clarice,19,F,73;87;80;81;95
Alfie,19,M,81;83;69;99;90
Alphonso,19,M,93;76;72;93;93
Amandie,19,F,84;86;92;98;70
Dan,22,M,99;83;74;80;74
Biddie,21,F,84;84;69;92;89
Wolfgang,22,M,85;84;72;68;90
Judith,22,F,97;88;75;82;96
Barrie,19,M,83;90;96;83;68
Haley,22,F,80;88;69;78;84
Demetria,20,F,74;75;91;97;84
Forster,20,M,78;75;95;90;95
Bette-ann,22,F,69;91;90;99;70
Nolie,18,F,72;87;91;95;96
Pyotr,22,M,92;72;77;89;89
Krisha,18,M,86;77;92;100;97
Dieter,22,M,69;99;72;73;99
Audrie,22,F,73;92;88;74;87
Alessandra,21,F,77;82;72;76;88
Stevie,22,M,80;82;99;98;80
Ysabel,20,F,80;93;68;70;81
Ilka,18,F,85;75;93;97;84
Raye,18,F,92;90;73;87;98
Hugues,19,M,76;100;99;69;97
Olav,20,M,70;87;93;87;86
Sydney,18,M,76;84;80;70;77
Sylas,19,M,95;100;80;80;87
Michaela,20,F,81;74;78;98;99
Kirby,20,F,73;93;78;99;79
Daven,19,M,79;78;86;82;86
Faulkner,18,M,69;98;90;95;81
Maryann,19,F,92;86;86;86;92
Fidole,18,M,83;84;87;100;74
Betti,19,F,84;73;77;98;75
Willis,18,M,84;68;97;87;87
Binny,20,F,98;78;72;91;98
Zebulen,18,M,79;77;77;68;97
Hilde,22,F,97;72;75;89;81
Shirlene,22,F,70;93;84;90;92
Archibold,19,M,90;81;99;68;69
Mitchael,18,M,93;85;85;91;82
Leilah,19,F,85;100;71;71;76
Delia,22,F,93;83;97;92;77
Matthaeus,22,M,68;78;89;95;78
Laurene,19,F,70;75;88;71;98
Francene,22,F,72;70;74;70;82
Lucia,19,F,84;92;88;99;96
Peterus,19,M,89;98;95;92;96
Winfield,20,M,77;99;85;79;72
Rik,18,M,93;90;72;79;82
Lanie,19,M,94;75;83;95;71
Kelbee,19,M,74;97;75;78;78
Gardy,18,M,73;99;87;91;84
Carmella,21,F,90;99;85;95;74
Cesaro,18,M,75;68;68;85;93
Idalia,20,F,94;79;99;80;93
Rriocard,20,M,98;74;82;94;82
Fonsie,22,M,96;89;90;89;79
Roshelle,19,F,81;69;96;94;85
Elisabeth,18,F,69;89;100;94;82
Fayette,22,F,76;100;91;95;93
Elvera,20,F,84;77;91;80;94
Karel,20,M,83;95;88;88;93
Ayn,18,F,74;71;99;93;80
Hardy,19,M,76;98;80;71;94
Ange,19,M,86;83;92;95;100